-615.0000  248.8869
-580.0000  150.5686
-545.0000  57.8397
-510.0000  -26.5050
-475.0000  -99.6708
-440.0000  -158.8629
-405.0000  -201.2866
-370.0000  -224.1472
-335.0000  -224.6499
-300.0000  -200.0000
-270.0000  -157.8307
-240.0000  -99.9509
-210.0000  -31.1828
-180.0000  43.6514
-150.0000  119.7295
-120.0000  192.2291
-90.0000  256.3282
-60.0000  307.2046
-30.0000  340.0359
0.0000  350.0000
30.0000  333.8936
60.0000  294.9892
90.0000  238.1783
120.0000  168.3522
150.0000  90.4025
180.0000  9.2206
210.0000  -70.3020
240.0000  -143.2740
270.0000  -204.8038
300.0000  -250.0000
335.0000  -277.3354
370.0000  -278.6702
405.0000  -256.8933
440.0000  -214.8936
475.0000  -155.5602
510.0000  -81.7819
545.0000  3.5522
580.0000  97.5532
615.0000  197.3321
650.0000  300.0000
